24
6
29
22
0
26
7
22
29
23
21
27
8
15
25
21
27
22
14
14
6
30
3
8
20
22
23
18
10
28
6
11
9
8
8
19
27
15
6
25
18
24
29
22
29
14
14
4
14
13
14
25
14
12
20
23
24
6
23
23
8
6
11
22
27
29
22
18
5
10
1
4
2
22
14
15
22
23
25
19
27
3
20
17
3
27
23
29
3
30
22
10
19
22
24
3
11
25
0
14
12
6
25
9
1
23
30
12
30
15
6
30
14
30
25
8
22
12
5
8
6
17
26
26
29
28
12
9
27
25
16
21
23
30
14
5
22
21
5
10
6
22
3
4
24
25
11
17
25
30
14
15
18
24
21
4
6
18
30
15
3
22
18
6
20
23
29
22
25
20
23
22
18
22
15
19
13
13
16
9
6
22
11
8
20
26
1
18
4
5
16
0
8
26
20
6
25
2
27
9
23
14
3
4
10
26
10
4
17
14
14
22
14
25
20
26
27
9
14
6
25
0
19
23
23
14
24
29
6
28
25
27
26
2
10
9
3
16
24
22
23
10
6
14
3
22
17
29
29
26
18
22
6
6
21
3
5
12
6
25
10
12
14
27
2
17
23
30
2
27
22
14
1
3
29
25
22
10
17
3
2
5
12
20
6
9
4
27
22
0
0
20
6
28
12
28
3
20
27
3
8
29
25
25
26
30
3
29
6
14
29
18
6
21
30
23
9
11
9
4
1
29
28
29
6
10
22
28
14
3
6
25
24
28
14
22
19
2
29
25
28
9
4
23
3
24
24
0
15
5
27
19
23
4
14
6
25
3
2
3
4
12
29
28
27
18
29
11
12
23
8
16
6
3
5
24
27
25
24
18
29
10
16
22
29
11
8
3
15
19
6
3
30
20
10
25
20
3
11
10
14
3
15
10
15
14
22
20
25
12
29
3
30
27
18
14
16
24
30
14
20
0
8
30
10
12
6
20
18
17
25
24
18
27
6
17
13
29
24
5
9
16
17
21
18
20
22
0
28
25
12
9
17
26
3
14
29
21
29
4
4
2
5
9
23
23
22
8
10
19
14
8
26
27
21
26
27
29
29
29
15
21
21
21
19
16
11
11
23
18
10
22
28
21
6
24
22
21
25
28
29
6
6
8
10
21
26
22
10
9
12
23
17
14
30
30
6
22
17
29
0
24
8
30
8
16
24
11
17
9
20
30
6
25
18
13
25
28
29
16
22
30
8
20
29
29
17
29
11
5
29
30
29
17
17
26
25
14
23
17
22
21
6
10
25
4
30
22
19
17
17
27
2
20
4
30
27
5
26
18
21
6
19
5
24
22
12
27
14
27
26
29
30
19
24
29
11
24
14
24
14
4
17
28
9
10
29
0
24
3
25
1
2
6
6
12
4
21
22
25
